global: [1]
individual: [1]
combined: [1]
reg= 1e-07
dropout= 0.13

best overall val loss: 0.17633752524852753

best overall f1 1: 0.5039370078740157

best overall f1 2/3: 0.8686357644208501