global: [64, 128]
individual: [16, 64]
combined: [512, 256]
reg= 1e-07
dropout= 0.1

best overall val loss: 0.08447802066802979

best overall f1 1: 0.7523220451846309

best overall f1 2/3: 0.9429106479909761