global: [16, 256]
individual: [32, 32]
combined: [1024, 256]
reg= 1e-07
dropout= 0.13

best overall val loss: 0.09337889403104782

best overall f1 1: 0.8326725116807208

best overall f1 2/3: 0.942909276215212